4294967279,208
4294967278,283
4294967278,295
4294967278,9
4294967279,156
4294967279,126
4294967279,123
4294967279,117
4294967279,116
4294967279,115
4294967279,114
4294967279,112
4294967279,107
4294967279,575
4294967279,102
4294967279,101
4294967279,100
4294967279,98
4294967279,91
4294967279,90
4294967279,546
4294967279,197
4294967279,331
4294967279,330
4294967279,193
4294967279,329
4294967279,192
1591,6
1591,5
1591,4
1591,3
1591,2
1591,1
4294967278,398
4294967279,328
4294967279,534
4294967278,172
4294967278,427
4294967278,166
1588,7
4294967278,162
1588,6
1588,5
4294967278,157
1588,4
1588,3
1588,2
1588,1
4294967278,353
4294967278,282
4294967279,149
4294967279,148
4294967294,25
4294967279,144
4294967278,144
4294967279,327
4294967294,401
4294967294,912
4294967278,277
4294967278,136
4294967279,135
4294967279,134
1585,6
1585,5
1585,4
1585,3
1585,2
1585,1
4294967279,270
4294967278,411
4294967279,326
4294967278,425
4294967279,265
4294967278,309
4294967279,262
4294967279,305
4294967279,381
4294967278,402
4294967278,308
1582,6
1582,5
1582,4
1582,3
1582,2
1582,1
4294967279,380
4294967294,1417
4294967278,249
4294967279,368
4294967279,367
1579,4
1579,3
1579,2
1579,1
4294967294,395
4294967294,406
4294967294,384
4294967294,464
4294967294,416
4294967294,175
4294967278,406
4294967294,474
1578,5
4294967279,210
1578,4
1578,3
1578,2
1578,1
4294967279,209
4294967279,205
4294967279,202
4294967279,87
4294967278,289
4294967278,198
4294967278,197
1576,6
1576,5
1576,4
1576,3
1576,2
1576,1
4294967279,189
4294967279,188
4294967279,187
4294967279,554
4294967279,183
4294967278,182
4294967278,403
4294967279,179
1573,4
4294967279,178
1573,3
1573,2
1573,1
4294967278,177
4294967278,343
4294967279,553
4294967279,167
1572,5
1572,4
4294967279,168
1572,3
1572,2
1572,1
4294967278,167
4294967278,163
4294967279,162
4294967278,161
4294967278,156
4294967279,158
4294967279,351
4294967278,396
4294967279,157
1570,6
4294967279,153
4294967278,154
1570,5
4294967279,151
1570,4
4294967278,151
1570,3
1570,2
1570,1
4294967278,150
4294967278,149
4294967278,148
1569,4
1569,3
1569,2
1569,1
4294967279,313
4294967279,145
4294967278,359
4294967279,527
4294967279,306
4294967279,325
4294967279,297
4294967294,420
4294967294,448
4294967294,404
4294967294,412
4294967279,572
4294967279,564
4294967278,307
4294967278,306
4294967278,268
4294967278,385
1568,6
1568,5
1568,4
1568,2
1568,1
4294967278,305
4294967278,88
4294967279,323
4294967278,304
4294967279,533
1565,7
4294967279,539
4294967278,367
4294967278,415
4294967278,224
1565,6
1565,5
1565,4
1565,2
1565,1
4294967279,332
4294967278,212
4294967278,208
4294967278,207
4294967278,303
1562,6
1562,5
1562,4
1562,3
1562,2
1562,1
4294967279,322
4294967278,239
4294967279,558
4294967278,271
4294967278,191
4294967278,399
4294967279,321
4294967278,181
1559,6
1559,5
1559,4
1559,3
1559,2
1559,1
1556,4
1556,3
1556,2
1556,1
4294967278,422
1555,5
1555,4
1555,3
1555,2
1555,1
4294967279,138
4294967279,272
4294967278,302
4294967278,287
4294967279,279
1553,6
4294967278,274
1553,5
1553,4
1553,2
1553,1
4294967279,277
4294967294,161
4294967294,909
4294967279,263
4294967278,330
4294967278,264
4294967279,257
4294967278,285
4294967278,278
4294967278,258
4294967279,516
4294967278,257
1550,4
1550,3
1550,2
1550,1
4294967278,357
4294967279,137
4294967278,301
1549,5
1549,4
4294967278,246
1549,3
1549,2
1549,1
4294967278,340
4294967294,168
4294967294,415
4294967294,110
4294967294,453
4294967278,405
4294967279,225
4294967278,226
1547,6
1547,5
1547,4
1547,3
1547,2
1547,1
4294967278,214
4294967278,211
4294967279,211
1546,4
1546,3
1546,2
1546,1
4294967278,209
4294967294,468
4294967278,290
4294967278,298
4294967279,560
4294967294,471
4294967279,559
4294967278,297
4294967278,259
4294967294,68
4294967294,11
4294967278,296
4294967278,294
4294967279,525
4294967279,346
4294967278,187
4294967279,186
1545,6
1545,5
4294967279,184
1545,4
1545,2
1545,1
4294967278,125
4294967278,123
4294967278,122
4294967278,112
4294967278,110
4294967278,109
4294967278,100
4294967278,97
4294967278,95
4294967278,94
4294967278,93
4294967278,92
4294967278,364
4294967278,82
4294967278,80
4294967278,79
4294967278,446
4294967278,69
4294967278,67
4294967278,60
4294967278,7
4294967279,128
4294967279,125
4294967279,284
4294967279,515
4294967279,169
4294967294,458
4294967279,571
4294967278,53
4294967279,358
1542,7
4294967279,269
4294967278,419
4294967279,246
4294967279,557
1542,6
1542,5
1542,4
1542,2
1542,1
4294967278,417
4294967279,136
1539,6
1539,5
1539,4
1539,3
1539,2
1539,1
4294967279,244
4294967279,242
4294967278,132
4294967279,255
4294967278,227
4294967279,127
4294967279,520
1536,6
1536,5
1536,4
1536,3
1536,2
1536,1
4294967278,121
4294967278,120
4294967279,120
4294967278,347
4294967278,279
4294967278,111
4294967278,104
1533,4
1533,3
1533,2
1533,1
4294967278,102
4294967279,238
4294967278,275
1532,5
1532,4
1532,3
1532,2
1532,1
4294967278,90
4294967278,203
4294967278,78
4294967278,272
1530,6
1530,5
1530,4
1530,2
1530,1
4294967278,77
4294967278,68
4294967278,416
4294967279,529
4294967278,333
4294967278,184
4294967279,180
4294967278,61
4294967294,170
1527,4
1527,3
1527,2
1527,1
4294967278,52
4294967278,266
4294967278,263
1526,5
1526,4
1526,3
1526,2
1526,1
4294967278,51
4294967278,223
4294967279,524
4294967278,317
4294967279,161
4294967294,396
4294967294,407
4294967294,919
4294967294,444
4294967294,109
4294967294,462
4294967294,451
4294967294,402
4294967294,189
4294967294,460
4294967278,256
4294967279,234
1524,6
4294967279,152
1524,5
1524,4
1524,3
1524,2
1524,1
1523,4
1523,3
1523,2
1523,1
4294967278,255
4294967278,143
4294967279,232
4294967278,252
4294967278,251
4294967278,412
4294967279,535
4294967278,247
4294967279,296
4294967278,129
4294967278,127
4294967278,126
4294967278,124
4294967278,118
4294967278,101
4294967278,99
4294967278,96
4294967279,174
4294967279,344
4294967279,556
4294967279,282
4294967278,243
4294967294,163
4294967279,258
1522,6
1522,5
1522,4
1522,2
1522,1
4294967278,349
4294967279,256
4294967278,241
4294967279,290
4294967278,235
4294967279,253
4294967279,526
4294967278,329
4294967278,326
4294967278,323
4294967278,254
4294967279,230
4294967278,233
1519,7
4294967279,555
4294967278,115
4294967278,237
4294967279,236
4294967278,113
4294967278,236
4294967279,519
1519,6
1519,5
4294967279,227
1519,4
1519,2
1519,1
4294967278,229
4294967279,228
4294967279,207
4294967278,205
4294967278,201
4294967279,201
4294967278,200
1516,6
1516,5
4294967278,196
1516,4
1516,3
1516,2
1516,1
4294967278,221
4294967279,185
4294967279,181
4294967278,394
4294967294,388
4294967278,176
4294967279,176
1513,6
1513,5
1513,4
1513,3
1513,2
1513,1
4294967278,356
4294967294,913
4294967294,463
4294967279,165
1510,4
1510,3
1510,2
1510,1
4294967278,152
4294967294,915
4294967294,898
4294967279,342
4294967278,413
4294967279,141
4294967279,143
1509,5
1509,4
4294967279,142
1509,3
1509,2
1509,1
4294967279,140
4294967279,308
1507,6
1507,5
1507,4
1507,2
1507,1
4294967294,1420
4294967278,388
1504,4
1504,3
1504,2
1504,1
4294967278,244
